49
62
100
52
64
104
48
63
103
30
20
45
35
25
150
45
60
80
56
71
60
90
60
95
55
85
75
100
47
62
92
57
72
102
45
70
41
67
45
70
45
80
50
65
80
70
95
55
65
55
100
35
60
52
82
80
105
70
110
50
65
95
20
35
50
80
100
130
75
90
105
40
70
80
95
120
85
100
65
75
35
60
90
85
110
45
70
80
105
65
95
35
50
65
45
48
73
105
130
30
50
40
105
50
80
120
105
55
65
90
85
130
5
55
125
40
65
67
92
45
75
45
110
50
83
95
155
100
10
155
85
48
55
65
65
130
60
40
60
80
115
135
110
85
90
100
64
84
134
150
100
49
62
82
52
64
84
65
80
105
46
76
30
50
20
35
60
90
90
38
58
40
25
30
20
40
50
75
40
55
95
80
20
50
100
75
35
45
55
70
30
75
65
45
85
65
65
85
75
60
72
33
80
65
90
70
75
125
80
120
95
150
10
185
95
80
130
40
50
50
100
55
65
105
55
40
80
60
90
95
60
120
80
95
20
35
95
30
63
75
80
10
85
115
75
64
84
164
90
130
100
45
65
110
60
85
160
70
85
150
55
90
30
70
45
35
70
35
50
30
50
70
40
70
100
55
85
30
50
25
35
85
30
60
40
130
60
80
160
45
90
90
51
71
91
60
120
20
45
45
65
85
105
70
90
140
40
100
45
75
50
40
73
47
60
43
73
90
140
70
90
60
120
85
25
45
60
100
70
100
85
115
40
110
115
100
55
95
48
78
80
120
40
70
41
81
95
125
15
60
70
90
75
165
40
70
68
50
150
23
50
120
40
60
80
64
104
84
90
30
75
95
145
55
75
145
100
50
75
100
130
150
180
180
100
95
68
89
109
58
78
104
51
66
86
55
75
120
45
85
25
85
65
85
120
30
70
125
165
42
52
29
69
94
30
80
45
65
105
35
60
48
83
100
50
80
66
136
60
125
55
82
30
63
93
24
89
80
25
5
65
92
70
90
170
85
70
145
72
112
50
90
61
106
100
49
69
20
62
132
120
70
85
140
100
123
95
50
76
110
60
95
130
80
165
55
100
80
65
75
105
125
120
120
90
160
120
70
80
100
90
103
120
100
45
60
75
63
93
123
55
75
100
55
85
60
80
110
50
88
53
98
53
98
53
98
25
55
55
77
115
60
100
75
105
135
45
57
85
135
60
80
105
140
50
65
95
100
125
53
63
103
45
55
100
27
67
35
60
92
72
82
117
90
30
86
65
105
75
90
58
30
50
78
108
112
140
50
95
65
105
50
95
30
45
55
30
40
65
44
87
50
65
95
60
100
75
75
135
55
85
40
60
75
47
77
50
94
55
80
100
55
85
115
55
75
30
40
55
87
117
147
70
130
50
40
70
66
85
125
120
74
124
85
125
110
83
123
55
65
97
109
65
85
105
85
60
90
129
90
100
105
120
150
145
120
72
128
120
61
78
107
45
59
69
56
63
145
36
56
50
73
81
35
22
52
50
68
38
65
65
65
100
82
124
80
48
48
80
110
150
52
72
48
80
54
92
52
105
60
75
53
73
38
55
89
121
59
77
65
92
58
50
50
75
100
80
70
110
66
100
69
117
30
70
131
131
100
160
160
110
55
75
107
65
85
115
54
69
74
75
85
120
70
110
62
82
70
82
132
70
45
55
65
115
140
53
63
100
125
40
70
55
105
35
45
44
64
75
125
30
40
120
52
60
120
35
125
55
75
60
95
95
100
115
78
98
90
105
60
131
55
75
110
115
85
130
75
29
29
137
113
53
139
137
89
101
181
101
107
95