49
63
123
43
58
78
65
80
120
35
55
50
30
50
40
40
55
80
35
70
30
65
44
69
40
50
90
120
52
67
87
40
57
77
48
73
40
75
20
45
35
70
55
70
85
55
80
50
60
30
60
35
60
48
78
35
60
45
80
40
65
95
15
30
65
50
70
80
35
50
65
35
65
100
115
130
55
70
65
180
70
95
55
45
70
55
80
50
75
100
180
30
45
80
160
45
70
90
115
50
70
80
85
95
110
53
79
75
95
120
95
120
5
115
100
70
95
60
65
55
85
65
80
35
57
57
120
95
55
109
80
48
50
60
60
60
70
100
125
90
105
85
65
100
85
90
45
65
95
70
100
65
80
100
43
58
78
64
80
100
34
64
30
50
30
50
40
70
80
38
58
15
28
15
65
85
45
70
40
55
105
95
50
80
115
75
40
50
70
55
30
55
45
45
85
60
110
42
80
60
48
58
65
90
140
70
105
230
50
75
85
140
230
115
55
50
75
40
120
40
80
95
35
75
45
70
140
30
90
95
60
120
90
62
35
35
95
15
37
37
105
10
75
85
115
50
70
150
130
90
100
35
45
75
40
60
80
50
70
110
35
70
41
61
35
55
50
55
70
30
50
70
50
40
60
30
60
30
100
25
35
65
32
62
60
80
60
80
100
90
45
45
23
43
63
30
60
40
135
45
65
125
125
100
140
230
55
85
40
80
40
50
75
75
45
53
83
20
70
35
45
40
100
140
35
65
60
45
50
80
40
60
60
110
60
60
65
85
43
73
65
85
55
105
77
97
50
100
20
79
70
70
35
75
90
130
83
80
60
48
50
80
50
70
90
85
105
105
130
55
60
100
130
80
100
150
200
100
150
120
100
90
160
100
100
90
64
85
105
44
52
71
53
68
88
30
50
70
40
60
41
51
34
49
79
35
65
40
60
118
168
45
95
50
42
102
70
35
55
45
70
48
68
66
34
44
44
94
60
52
42
64
50
47
67
86
116
95
45
5
45
108
45
65
115
40
40
88
78
118
90
110
40
65
72
56
76
50
50
105
65
115
95
130
125
67
67
95
86
130
110
125
80
70
95
145
135
70
107
130
105
70
120
100
106
110
100
120
80
100
90
75
120
100
55
75
95
45
55
65
45
60
85
39
69
45
65
90
37
50
48
63
48
63
48
63
45
85
50
62
80
32
63
85
105
130
43
55
40
60
126
55
85
95
40
55
75
85
75
70
90
80
59
99
89
60
85
50
75
65
35
45
80
45
105
67
85
125
70
115
80
85
145
103
133
45
65
62
82
40
60
40
60
50
70
95
40
50
75
50
63
50
65
85
50
70
60
45
105
45
70
50
70
80
50
60
91
131
70
95
115
40
70
80
55
75
55
60
90
60
70
90
40
80
50
85
40
84
50
60
90
50
80
70
100
95
50
75
75
105
66
112
50
70
90
55
65
129
90
72
80
70
100
120
90
90
90
90
95
65
95
122
40
58
72
40
52
67
38
77
43
55
71
40
60
50
58
72
39
67
68
48
62
62
78
60
54
76
100
150
50
60
72
66
86
53
88
67
115
60
90
62
88
33
52
77
119
50
72
65
75
57
150
35
53
70
91
48
76
70
122
85
184
35
80
95
95
121
110
60
120
55
75
75
40
50
90
54
69
74
30
50
75
30
60
45
95
90
57
77
70
40
60
40
75
130
62
152
70
100
52
92
35
90
55
80
40
60
50
80
38
48
98
90
80
90
40
140
80
110
130
95
95
60
65
135
63
80
70
85
100
65
90
125
85
75
115
115
31
131
107
89
47
139
37
71
103
131
53
101
115