40
50
15
18
80
40
75
75
75
40
55
—
50
60
90
15
80
45
65
30
120
100
60
70
65
15
—
40
85
15
90
120
120
15
25
25
60
35
80
80
—
—
—
80
55
50
100
—
80
40
20
—
200
100
30
65
80
35
130
20
10
130
15
80
140
70
100
250
18
50
75
80
—
70
50
10
60
60
—
—
40
60
25
120
30
40
65
40
70
—
—
—
100
—
100
120
40
50
100
50
70
100
80
80
40
—
40
70
150
70
120
60
75
65
—
70
80
15
85
30
60
50
75
90
30
60
60
85
35
25
60
25
80
85
50
60
120
90
25
70
100
—
—
30
60
—
70
120
50
60
—
—
140
70
120
60
80
70
90
80
80
100
75
120
150
40
60
40
70
65
65
65
40
70
80
90
120
150
70
120
80
60
100
60
120
40
90
150
35
—
120
50
60
—
50
65
95
70
60
60
55
70
60
60
90
80
40
60
75
90
75
—
65
25
120
50
130
140
85
180
100
100
50
90
90
90
100
20
40
40
90
90
90
120
120
100
—
—
—
—
—
—
—
—
—
—
—
—
—
—
—
—
—
—
210
90
80
85
100
95
125
40
80
80
80
80
20
70
70
100
90
60
180
180
195
210
85
75
85
40
85
90
100
80
120
100
200
190
190
80
90
60
100
—
60
80
40
—
40
40
90
40
110
90
90
110
65
65
65
150
20
40
120
120
—
35
40
90
110
50
90
—
30
65
110
60
100
40
—
80
50
100
40
90
20
65
120
55
75
60
60
40
—
60
80
120
35
90
—
95
150
70
70
90
150
150
50
60
130
60
150
75
80
—
90
150
55
60
60
60
140
140
65
—
—
80
80
75
90
85
80
40
120
90
90
65
65
80
130
80
80
130
—
65
100
50
150
100
100
120
60
80
65
70
95
120
—
40
60
40
50
20
80
65
60
—
100
80
80
80
70
50
60
55
65
85
100
110
100
120
75
85
65
130
80
140
55
100
120
65
70
40
50
40
95
140
110
80
15
75
80
20
80
140
110
—
—
—
—
—
—
—
—
—
—
—
—
—
—
—
—
—
—
90
90
130
90
100
110
195
—
175
185
150
130
160
100
—
195
150
100
200
200
185
90
—
60
60
80
80
100
120