65
80
120
50
65
115
64
80
115
20
25
80
20
25
80
35
50
80
35
80
31
61
54
79
50
85
35
65
40
55
85
40
55
75
65
90
65
100
25
50
40
75
65
75
90
55
80
55
75
45
70
40
65
50
80
45
70
50
80
40
50
90
55
70
105
35
60
85
30
45
70
100
120
30
45
65
65
80
40
80
55
70
62
35
60
70
95
50
100
25
45
35
55
95
45
90
115
25
50
55
80
45
75
50
80
110
110
75
45
70
30
45
105
40
100
25
45
50
80
55
85
120
80
95
85
85
90
70
20
130
95
48
65
95
95
110
75
55
70
45
70
95
110
125
90
85
50
70
100
120
100
65
80
100
50
65
85
48
63
83
45
55
56
96
80
110
40
70
80
56
76
35
55
20
65
105
45
70
45
60
110
100
50
80
65
100
55
65
95
55
30
85
45
25
65
95
130
42
110
85
48
58
65
35
60
65
65
95
40
60
55
100
230
105
75
50
75
40
80
30
60
95
35
75
45
140
70
50
90
95
40
60
95
65
45
35
110
65
55
55
70
135
100
75
115
50
70
120
154
154
100
55
65
85
50
60
80
50
70
110
30
60
41
61
30
25
50
25
90
50
70
100
30
40
60
30
50
30
70
35
55
135
52
82
60
60
35
55
65
30
50
30
23
43
73
30
60
40
90
35
55
115
95
40
50
80
55
85
40
80
75
85
85
85
80
53
83
20
65
35
45
45
105
70
80
110
60
45
50
80
40
60
75
105
60
60
85
65
41
71
35
55
70
120
87
107
50
80
55
125
70
120
33
83
90
130
87
90
60
48
50
80
50
70
90
55
75
75
65
65
30
50
90
60
80
110
100
200
150
150
120
160
90
100
100
90
55
65
85
44
52
71
56
76
101
30
40
60
40
60
41
51
34
49
79
70
105
30
50
88
138
45
95
50
42
102
90
30
50
53
78
62
82
66
44
54
56
96
105
52
37
59
50
41
61
86
116
45
90
65
42
108
45
55
95
85
40
70
42
72
55
75
40
65
72
61
86
120
60
105
85
90
95
55
50
85
95
115
56
65
95
75
60
75
115
150
135
70
107
130
105
70
100
120
106
110
100
130
80
100
90
75
120
100
55
75
95
45
55
65
45
60
70
39
69
45
65
90
37
50
48
63
48
63
48
63
55
95
30
42
55
32
63
25
40
80
43
55
45
65
126
35
50
65
40
55
75
85
75
60
80
80
39
79
69
50
75
50
75
55
35
45
70
45
105
67
35
75
70
115
80
65
105
45
65
45
65
62
82
40
60
40
60
65
85
110
50
60
85
50
63
60
75
95
50
70
60
45
105
55
80
85
105
45
50
60
86
116
60
85
85
40
70
80
55
95
55
60
90
40
50
70
40
80
135
65
60
99
50
60
90
50
80
40
70
95
50
75
65
95
66
48
50
70
90
55
105
72
90
129
90
80
120
100
80
100
90
77
95
45
58
75
60
70
100
44
56
71
36
77
38
52
69
25
30
50
54
66
79
128
154
57
81
48
71
90
60
81
37
49
50
65
89
57
75
46
75
56
86
60
123
63
89
43
94
45
59
63
92
130
63
67
150
75
113
150
87
60
82
55
75
35
46
40
80
98
98
95
110
130
90
50
70
100
40
50
90
56
81
116
30
50
75
30
60
45
75
75
47
67
70
40
70
40
75
135
52
142
55
85
72
132
35
90
75
100
40
60
50
60
38
48
98
110
110
60
30
90
45
75
130
95
95
60
95
85
73
105
70
91
90
45
70
105
75
115
95
130
31
131
89
107
131
53
37
71
101
31
53
89
115