45
60
80
65
80
100
43
58
78
45
30
70
50
35
145
56
71
121
72
77
70
100
55
80
90
110
40
65
41
56
76
50
65
85
35
60
65
109
20
45
55
90
30
40
50
25
30
45
90
90
110
90
115
55
85
70
95
60
95
90
90
70
90
105
150
35
45
55
40
55
70
70
100
20
35
45
90
105
15
30
45
70
60
75
110
45
70
25
50
40
70
80
95
130
70
42
67
50
75
100
150
40
45
35
45
87
76
30
35
60
25
40
50
60
100
60
85
63
68
85
115
90
105
95
105
93
105
110
80
81
60
48
55
65
130
65
40
35
55
55
80
150
30
85
100
90
50
70
80
140
100
45
60
80
65
80
100
43
58
78
20
90
50
70
55
85
30
40
130
67
67
60
15
15
20
40
70
95
35
45
45
50
40
50
30
70
50
80
110
85
30
30
95
15
35
110
65
91
30
85
48
33
85
15
40
45
85
30
30
45
85
75
5
75
115
40
55
20
30
50
50
35
65
45
75
70
70
65
115
85
40
50
60
85
75
35
70
65
95
83
100
55
115
100
85
41
51
71
110
90
100
70
95
145
45
55
100
40
50
70
35
70
60
100
20
15
65
15
65
30
50
70
30
60
80
85
125
85
65
40
50
100
65
80
35
70
30
90
100
40
160
40
28
48
68
25
50
20
30
50
90
20
50
30
40
50
60
100
65
135
95
95
85
85
65
40
55
65
105
60
60
35
20
20
60
80
60
10
70
100
35
55
50
80
90
65
70
70
60
60
35
55
55
75
23
43
75
45
80
81
70
40
45
75
25
25
51
65
115
23
50
100
25
45
65
32
52
52
55
97
50
50
120
30
50
110
50
50
50
110
110
90
90
115
100
180
31
36
56
61
81
108
40
50
60
60
80
100
31
71
25
65
45
60
70
55
90
58
58
30
30
36
36
66
70
40
95
85
115
35
85
34
39
115
70
80
85
135
105
71
85
112
45
74
84
23
33
10
60
30
91
35
42
82
92
5
60
112
32
47
65
95
50
85
46
66
91
50
40
30
125
60
50
40
50
95
83
80
95
95
65
95
80
90
110
40
45
110
86
95
80
115
90
100
77
100
90
85
80
100
125
127
120
100
63
83
113
45
55
65
45
60
70
42
77
55
60
80
66
106
64
101
64
101
64
101
24
29
43
65
93
76
116
15
20
25
72
114
68
88
50
35
40
45
64
69
74
45
85
42
42
92
57
47
112
66
116
30
90
98
65
74
92
50
55
60
55
45
48
58
97
30
30
22
32
70
110
65
75
65
105
75
115
45
55
65
20
30
30
55
98
44
59
79
75
95
103
60
20
15
30
40
60
65
65
108
10
20
30
50
90
60
40
50
30
40
20
55
80
57
67
97
40
50
105
25
145
32
65
105
48
35
55
60
70
55
60
80
60
80
65
109
38
58
98
60
100
108
108
108
121
101
90
90
91
95
108
128
99
38
57
64
60
73
104
71
97
132
57
78
62
84
126
35
29
89
72
106
42
92
75
52
68
43
58
102
68
104
28
35
60
23
29
49
72
45
73
50
68
30
44
44
59
70
109
48
71
46
58
60
118
101
50
40
60
80
75
38
56
41
54
28
28
55
123
99
99
85
110
80
70
42
52
70
70
90
60
40
50
60
65
75
60
45
45
46
36
43
63
43
93
84
124
60
82
30
45
35
45
35
27
42
35
45
15
30
77
117
50
60
32
62
72
100
60
80
80
40
15
35
5
59
95
120
65
36
96
96
92
36
40
45
65
85
130
95
75
85
37
37
97
97
103
79
151
83
61
109
43
79
65